# relative_time, cycles_done, cur_item, corpus_count, pending_total, pending_favs, map_size, saved_crashes, saved_hangs, max_depth, execs_per_sec, total_execs, edges_found
61, 160, 0, 1, 0, 0, 22.22%, 0, 0, 1, 3396.06, 220018, 4
66, 172, 0, 1, 0, 0, 22.22%, 0, 0, 1, 3305.00, 237261, 4
71, 184, 0, 1, 0, 0, 22.22%, 0, 0, 1, 3301.16, 253978, 4
76, 196, 0, 1, 0, 0, 22.22%, 0, 0, 1, 3288.30, 270238, 4
81, 208, 0, 1, 0, 0, 22.22%, 0, 0, 1, 3153.44, 286041, 4
86, 219, 0, 1, 0, 0, 22.22%, 0, 0, 1, 3172.12, 302421, 4
91, 231, 0, 1, 0, 0, 22.22%, 0, 0, 1, 3149.41, 318297, 4
96, 243, 0, 1, 0, 0, 22.22%, 0, 0, 1, 3181.94, 334237, 4
101, 255, 0, 1, 0, 0, 22.22%, 0, 0, 1, 3277.00, 350762, 4
106, 267, 0, 1, 0, 0, 22.22%, 0, 0, 1, 3339.45, 368337, 4
111, 279, 0, 1, 0, 0, 22.22%, 0, 0, 1, 3287.23, 384594, 4
116, 291, 0, 1, 0, 0, 22.22%, 0, 0, 1, 3301.19, 401517, 4
121, 304, 0, 1, 0, 0, 22.22%, 0, 0, 1, 3473.77, 419043, 4
127, 318, 0, 1, 0, 0, 22.22%, 0, 0, 1, 3534.18, 437590, 4
132, 330, 0, 1, 0, 0, 22.22%, 0, 0, 1, 3424.46, 454638, 4
137, 342, 0, 1, 0, 0, 22.22%, 0, 0, 1, 3335.76, 471351, 4
142, 355, 0, 1, 0, 0, 22.22%, 0, 0, 1, 3344.74, 488595, 4
147, 366, 0, 1, 0, 0, 22.22%, 0, 0, 1, 3262.30, 504654, 4
152, 379, 0, 1, 0, 0, 22.22%, 0, 0, 1, 3353.35, 521841, 4
157, 390, 0, 1, 0, 0, 22.22%, 0, 0, 1, 3184.77, 537510, 4
162, 403, 0, 1, 0, 0, 22.22%, 0, 0, 1, 3339.76, 555018, 4
167, 415, 0, 1, 0, 0, 22.22%, 0, 0, 1, 3315.80, 571541, 4
172, 427, 0, 1, 0, 0, 22.22%, 0, 0, 1, 3407.05, 588595, 4
177, 440, 0, 1, 0, 0, 22.22%, 0, 0, 1, 3512.53, 606818, 4
182, 454, 0, 1, 0, 0, 22.22%, 0, 0, 1, 3545.94, 625389, 4
187, 466, 0, 1, 0, 0, 22.22%, 0, 0, 1, 3380.51, 642161, 4
188, 466, 0, 1, 0, 0, 22.22%, 0, 0, 1, 3394.84, 642457, 4
